0.014148712158203125
0.011963844299316406
0.013150930404663086
0.01086115837097168
0.017306089401245117
0.009190797805786133
0.01627802848815918
0.010832071304321289
0.009194135665893555
0.009036064147949219
0.009336709976196289
0.011066913604736328
0.016553163528442383
0.014045000076293945
0.011429071426391602
0.017703771591186523
0.009343147277832031
0.01822495460510254
0.01997089385986328
0.015719890594482422
0.01358795166015625
0.009553909301757812
0.00946807861328125
0.013118982315063477
0.01038813591003418
0.010535001754760742
0.011789083480834961
0.017754793167114258
0.014886140823364258
0.014533042907714844
0.011595964431762695
0.01414799690246582
0.009176015853881836
0.010298728942871094
0.008800983428955078
0.018290042877197266
0.01628708839416504
0.01544189453125
0.009743213653564453
0.009216070175170898
0.01671123504638672
0.009913206100463867
0.017965078353881836
0.011062860488891602
0.012616872787475586
0.009243965148925781
0.016773700714111328
0.00970315933227539
0.01270294189453125
0.009654045104980469
0.015028953552246094
0.017980098724365234
0.02017378807067871
0.010308980941772461
0.010362863540649414
0.009144783020019531
0.02190113067626953
0.011422395706176758
0.009750843048095703
0.017739057540893555
0.012063980102539062
0.0188901424407959
0.009811162948608398
0.019514083862304688
0.011223077774047852
0.01609492301940918
0.012849807739257812
0.020262718200683594
0.008831977844238281
0.01647210121154785
0.011716842651367188
0.013594865798950195
0.00994420051574707
0.015825748443603516
0.013362884521484375
0.01288914680480957
0.013299226760864258
0.01044321060180664
0.010394096374511719
0.009180307388305664
0.012524843215942383
0.009156227111816406
0.018460988998413086
0.017911672592163086
0.009546995162963867
0.01213979721069336
0.022263050079345703
0.011226892471313477
0.017841100692749023
0.01402592658996582
0.013138055801391602
0.009300947189331055
0.009224176406860352
0.014560699462890625
0.00917673110961914
0.011753082275390625
0.011086225509643555
0.009461164474487305
0.013153076171875
0.011011123657226562
0.012040138244628906
0.012669086456298828
0.016917943954467773
0.009870767593383789
0.010139942169189453
0.011605024337768555
0.010413885116577148
0.01804804801940918
0.009163141250610352
0.013897895812988281
0.009347200393676758
0.012475728988647461
0.009814023971557617
0.018510103225708008
0.009012937545776367
0.015229940414428711
0.012681245803833008
0.00996088981628418
0.014990091323852539
0.012224912643432617
0.009263992309570312
0.01123809814453125
0.010178089141845703
0.009668111801147461
0.009130001068115234
0.008870124816894531
0.01807999610900879
0.008932113647460938
0.008833885192871094
0.020592689514160156
0.013091087341308594
0.010658979415893555
0.009407997131347656
0.008916854858398438
0.009047985076904297
0.009104013442993164
0.015570878982543945
0.009440898895263672
0.019144058227539062
0.012804746627807617
0.00935983657836914
0.009146690368652344
0.01904606819152832
0.019394874572753906
0.010536909103393555
0.020640850067138672
0.016874074935913086
0.020583152770996094
0.014635086059570312
0.009901046752929688
0.013142108917236328
0.01994490623474121
0.012898921966552734
0.012554168701171875
0.018689870834350586
0.00888204574584961
0.012129068374633789
0.011043071746826172
0.016548871994018555
0.009382009506225586
0.01659536361694336
0.01938319206237793
0.015077829360961914
0.017779827117919922
0.011533021926879883
0.018759965896606445
0.009285688400268555
0.012438058853149414
0.009147882461547852
0.008988142013549805
0.01169896125793457
0.010236978530883789
0.012042045593261719
0.013792037963867188
0.011867046356201172
0.014601945877075195
0.01723623275756836
0.017922163009643555
0.009882688522338867
0.009888172149658203
0.00913381576538086
0.01082301139831543
0.01872420310974121
0.01315927505493164
0.013258934020996094
0.008856058120727539
0.01275491714477539
0.009760141372680664
0.010344982147216797
0.009063243865966797
0.012061834335327148
0.016005992889404297
0.017589092254638672
0.01170802116394043
0.01650404930114746
0.010326862335205078
0.01094198226928711
0.010535955429077148
0.009593963623046875
0.009272098541259766
0.011500120162963867
0.010229825973510742
0.009220123291015625
0.011394023895263672
0.010447025299072266
0.014200210571289062
0.008999109268188477
0.016115903854370117
0.014298200607299805
0.009055137634277344
0.009615182876586914
0.009217023849487305
0.01840376853942871
0.01648116111755371
0.01236104965209961
0.01680612564086914
0.012022733688354492
0.009894847869873047
0.011321067810058594
0.009082794189453125
0.011457204818725586
0.012107133865356445
0.019062042236328125
0.012781143188476562
0.013312101364135742
0.014573097229003906
0.009195089340209961
0.0133819580078125
0.017914295196533203
0.009331941604614258
0.01740121841430664
0.01787400245666504
0.018351078033447266
0.012434959411621094
0.009608745574951172
0.009134054183959961
0.013120174407958984
0.01137089729309082
0.01077580451965332
0.010622262954711914
0.008980274200439453
0.012416839599609375
0.01555490493774414
0.00981903076171875
0.01256108283996582
0.01947784423828125
0.01162862777709961
0.010187149047851562
0.01916813850402832
0.014441967010498047
0.020498037338256836
0.02132415771484375
0.009196043014526367
0.018335819244384766
0.00927114486694336
0.010182857513427734
0.01583099365234375
0.008974075317382812
0.010438203811645508
0.017293691635131836
0.009731769561767578
0.011828899383544922
0.020263195037841797
0.01460886001586914
0.014135122299194336
0.009956121444702148
0.015079975128173828
0.009309768676757812
0.01712322235107422
0.014133930206298828
0.010488033294677734
0.010130882263183594
0.015549898147583008
0.009984016418457031
0.009440183639526367
0.009536981582641602
0.01592707633972168
0.017135143280029297
0.016326189041137695
0.015118122100830078
0.01931476593017578
0.01688218116760254
0.009679794311523438
0.010161876678466797
0.013284921646118164
0.009188175201416016
0.018613100051879883
0.010467290878295898
0.01882004737854004
0.013622045516967773
0.018520116806030273
0.00945591926574707
0.009443044662475586
0.009896993637084961
0.009151935577392578
0.012493133544921875
0.012298107147216797
0.011952877044677734
0.012655019760131836
0.012862920761108398
0.011853218078613281
0.010518074035644531
0.014316797256469727
0.018278121948242188
0.009350776672363281
0.018105030059814453
0.013158082962036133
0.010212898254394531
0.010078907012939453
0.012768030166625977
0.01694202423095703
0.013396978378295898
0.0106201171875
0.009148120880126953
0.01165318489074707
0.008916854858398438
0.009751081466674805
0.009733200073242188
0.014573097229003906
0.011340141296386719
0.013796091079711914
0.017074108123779297
0.015896081924438477
0.017153024673461914
0.009541988372802734
0.014808177947998047
0.016696929931640625
0.009426116943359375
0.009474039077758789
0.009186744689941406
0.016709327697753906
0.014262199401855469
0.010814905166625977
0.012257099151611328
0.008800029754638672
0.018897056579589844
0.009201765060424805
0.008736848831176758
0.009463071823120117
0.010794878005981445
0.010383844375610352
0.015629053115844727
0.00923299789428711
0.008784055709838867
0.018436193466186523
0.015001773834228516
0.01121377944946289
0.01734304428100586
0.008831024169921875
0.012112140655517578
0.012288093566894531
0.010137796401977539
0.01139378547668457
0.00988006591796875
0.009107112884521484
0.009144067764282227
0.011484861373901367
0.017494916915893555
0.018787145614624023
0.010689020156860352
0.018639802932739258
0.016258955001831055
0.00890803337097168
0.01617908477783203
0.009593009948730469
0.014524221420288086
0.01752495765686035
0.016021013259887695
0.009171009063720703
0.017578125
0.013467788696289062
0.010601997375488281
0.01417088508605957
0.009465217590332031
0.013191938400268555
0.01355886459350586
0.012037038803100586
0.009888887405395508
0.013110160827636719
0.012188911437988281
0.011736869812011719
0.009483098983764648
0.009253740310668945
0.014864206314086914
0.018695831298828125
0.01544332504272461
0.019073009490966797
0.016705751419067383
0.011138916015625
0.015425920486450195
0.009419918060302734
0.009898900985717773
0.010241985321044922
0.014548063278198242
0.017785072326660156
0.008954048156738281
0.01579904556274414
0.018664836883544922
0.011309146881103516
0.01026296615600586
0.02064681053161621
0.021200180053710938
0.01509404182434082
0.014399051666259766
0.014876842498779297
0.009301900863647461
0.009891986846923828
0.01625227928161621
0.00893092155456543
0.009341001510620117
0.01445317268371582
0.009268045425415039
0.009184837341308594
0.009701251983642578
0.011717796325683594
0.014180898666381836
0.016824007034301758
0.02090907096862793
0.017668962478637695
0.011203289031982422
0.0163118839263916
0.014123678207397461
0.012185096740722656
0.015794992446899414
0.017004013061523438
0.013288021087646484
0.012302875518798828
0.017776012420654297
0.011291980743408203
0.0092010498046875
0.018354177474975586
0.01763010025024414
0.010500907897949219
0.01906609535217285
0.011223077774047852
0.010740280151367188
0.017702102661132812
0.016326904296875
0.01864790916442871
0.019495248794555664
0.010297775268554688
0.013754844665527344
0.013057947158813477
0.009112834930419922
0.01199793815612793
0.015820026397705078
0.013100862503051758
0.010789871215820312
0.00986790657043457
0.01555490493774414
0.014857769012451172
0.009579658508300781
0.009680032730102539
0.01779007911682129
0.013072967529296875
0.0156557559967041
0.019533872604370117
0.015378952026367188
0.018391132354736328
0.014373064041137695
0.022574186325073242
0.013171911239624023
0.01631617546081543
0.018466949462890625
0.015803813934326172
0.01006007194519043
0.010456085205078125
0.014010906219482422
0.015692949295043945
0.020061016082763672
0.015846967697143555
0.014529943466186523
0.01463174819946289
0.018812179565429688
0.013958215713500977
0.010509967803955078
0.010086774826049805
0.012860774993896484
0.010333061218261719
0.009572029113769531
0.01146388053894043
0.01264500617980957
0.01955699920654297
0.018178224563598633
0.009708881378173828
0.02082514762878418
0.017997026443481445
0.018883228302001953
0.010158777236938477
0.008860111236572266
0.010498046875
0.011586904525756836
0.009843111038208008
0.012547016143798828
0.015314340591430664
0.010346174240112305
0.011652231216430664
0.0159909725189209
0.009165048599243164
0.016721248626708984
0.016768932342529297
0.01128697395324707
0.014395952224731445
0.012004852294921875
0.01671123504638672
0.009833812713623047
0.014848947525024414
0.009140968322753906
0.014772891998291016
0.016265153884887695
0.012199163436889648
0.012490987777709961
0.012791633605957031
0.012470006942749023
0.0175778865814209
0.011279821395874023
0.016321182250976562
0.01717996597290039
0.01122903823852539
0.009048938751220703
0.01132965087890625
0.010482072830200195
0.013090133666992188
0.012263298034667969
0.019552230834960938
0.012115240097045898
0.00967097282409668
0.009213924407958984
0.013365983963012695
0.013777971267700195
0.012593984603881836
0.014083147048950195
0.018643856048583984
0.02015995979309082
0.010864019393920898
0.017882823944091797
0.009250879287719727
0.018516063690185547
0.012537240982055664
0.009550809860229492
0.017470121383666992
0.01851630210876465
0.017925262451171875
0.009338140487670898
0.01674818992614746
0.010436058044433594
0.011528968811035156
0.010230064392089844
0.016367673873901367
0.009360074996948242
0.012399911880493164
0.012469053268432617
0.018177032470703125
0.01067805290222168
0.011578798294067383
0.012673139572143555
0.010381937026977539
0.01807379722595215
0.013029813766479492
0.010464668273925781
0.011082172393798828
0.010812044143676758
0.014174938201904297
0.012914896011352539
0.00974416732788086
0.012119054794311523
0.015625
0.009560823440551758
0.018332958221435547
0.012368917465209961
0.017833948135375977
0.011729955673217773
0.015865802764892578
0.01653003692626953
0.009380817413330078
0.009922981262207031
0.009862184524536133
0.009220123291015625
0.01139521598815918
0.00919485092163086
0.01716303825378418
0.018232107162475586
0.016777992248535156
0.010960102081298828
0.010716915130615234
0.012305021286010742
0.011085033416748047
0.009025096893310547
0.013387680053710938
0.014030218124389648
0.00942683219909668
0.01618814468383789
0.009493112564086914
0.012311220169067383
0.014849185943603516
0.010332822799682617
0.012722253799438477
0.01700115203857422
0.009058952331542969
0.011081933975219727
0.012086868286132812
0.010873079299926758
0.00958395004272461
0.016685009002685547
0.010452985763549805
0.009433984756469727
0.017113924026489258
0.015857934951782227
0.018004894256591797
0.008892059326171875
0.012868165969848633
0.013041019439697266
0.021130084991455078
0.01412200927734375
0.01866602897644043
0.01438283920288086
0.014371871948242188
0.01272892951965332
0.011244058609008789
0.008640050888061523
0.01301717758178711
0.01703619956970215
0.008941888809204102
0.02042531967163086
0.01846790313720703
0.01305699348449707
0.013980865478515625
0.012665748596191406
0.013825178146362305
0.01048898696899414
0.022123098373413086
0.010255098342895508
0.009457111358642578
0.017447948455810547
0.0179901123046875
0.009688854217529297
0.011713027954101562
0.015574932098388672
0.011886119842529297
0.01087808609008789
0.020215988159179688
0.013100147247314453
0.013666152954101562
0.009381294250488281
0.017386913299560547
0.015565872192382812
0.013620376586914062
0.014400959014892578
0.01941204071044922
0.009696006774902344
0.011529207229614258
0.01452016830444336
0.015027761459350586
0.00915980339050293
0.009105205535888672
0.014801025390625
0.00914907455444336
0.013164043426513672
0.018845081329345703
0.010930061340332031
0.023402929306030273
0.009182214736938477
0.010175943374633789
0.015088081359863281
0.010850191116333008
0.010998964309692383
0.017058849334716797
0.016865015029907227
0.012629985809326172
0.010571956634521484
0.021126747131347656
0.014225959777832031
0.019430875778198242
0.01253199577331543
0.01815199851989746
0.010848045349121094
0.009198904037475586
0.009433984756469727
0.009436845779418945
0.011818885803222656
0.010885953903198242
0.011548042297363281
0.015202045440673828
0.017495155334472656
0.021254301071166992
0.009310007095336914
0.008823871612548828
0.012570858001708984
0.01883101463317871
0.010377883911132812
0.016037940979003906
0.013905048370361328
0.009727001190185547
0.01292872428894043
0.00993800163269043
0.010899066925048828
0.009299039840698242
0.017667293548583984
0.010124921798706055
0.016402006149291992
0.011173248291015625
0.011241912841796875
0.018809795379638672
0.0102691650390625
0.016438961029052734
0.010865926742553711
0.013490915298461914
0.009847640991210938
0.010021686553955078
0.010223150253295898
0.00989532470703125
0.010390996932983398
0.012095928192138672
0.013191699981689453
0.009312152862548828
0.01722097396850586
0.017508268356323242
0.008919000625610352
0.017458200454711914
0.010176897048950195
0.019835948944091797
0.011263132095336914
0.01824188232421875
0.017786741256713867
0.020732879638671875
0.009495973587036133
0.01864314079284668
0.01918482780456543
0.009211063385009766
0.016936779022216797
0.01680588722229004
0.017729997634887695
0.01088404655456543
0.0176241397857666
0.01540994644165039
0.01758122444152832
0.010869026184082031
0.015001773834228516
0.016001224517822266
0.009814977645874023
0.012626886367797852
0.014461994171142578
0.018500089645385742
0.017724275588989258
0.010480165481567383
0.01871204376220703
0.012008905410766602
0.01788783073425293
0.014872074127197266
0.01397705078125
0.02209162712097168
0.020440101623535156
0.010447263717651367
0.012536764144897461
0.009266853332519531
0.009310007095336914
0.019697189331054688
0.011728763580322266
0.017884254455566406
0.010276079177856445
0.010120868682861328
0.015760183334350586
0.030904293060302734
0.030446290969848633
0.025234222412109375
0.028374671936035156
0.02182793617248535
0.012394905090332031
0.02051711082458496
0.02246713638305664
0.025243043899536133
0.01161503791809082
0.021667003631591797
0.01566004753112793
0.012425899505615234
0.016450166702270508
0.013213872909545898
0.015804052352905273
0.01917099952697754
0.01682901382446289
0.012665033340454102
0.017735004425048828
0.012072324752807617
0.01690387725830078
0.017221927642822266
0.01059412956237793
0.015152931213378906
0.02008676528930664
0.012289762496948242
0.016907930374145508
0.017441987991333008
0.011480093002319336
0.01642894744873047
0.009153127670288086
0.009289979934692383
0.010469913482666016
0.01273488998413086
0.015327930450439453
0.015594959259033203
0.018725872039794922
0.011345148086547852
0.022282123565673828
0.009194135665893555
0.009540796279907227
0.0175478458404541
0.018223047256469727
0.013339042663574219
0.009698152542114258
0.018958091735839844
0.014435052871704102
0.032180070877075195
0.01544189453125
0.014146089553833008
0.014885902404785156
0.026911020278930664
0.03661799430847168
0.02417302131652832
0.012446880340576172
0.01202702522277832
0.009759187698364258
0.012102127075195312
0.014128923416137695
0.01607203483581543
0.014356136322021484
0.010313987731933594
0.0164949893951416
0.01049494743347168
0.009720087051391602
0.017347097396850586
0.010137319564819336
0.010803937911987305
0.019772052764892578
0.010118961334228516
0.011609077453613281
0.01775193214416504
0.012961864471435547
0.009490966796875
0.020740032196044922
0.01029205322265625
0.014404773712158203
0.010561943054199219
0.012682199478149414
0.012518167495727539
0.00945591926574707
0.009263753890991211
0.016598939895629883
0.010373830795288086
0.015474081039428711
0.011401891708374023
0.010332107543945312
0.01832103729248047
0.03353714942932129
0.02149796485900879
0.023371219635009766
0.029700040817260742
0.014441967010498047
0.015633344650268555
0.013138055801391602
0.013211965560913086
0.010604143142700195
0.012089014053344727
0.01067495346069336
0.01685190200805664
0.01171422004699707
0.009714365005493164
0.016832828521728516
0.012227058410644531
0.011865854263305664
0.009780406951904297
0.011848926544189453
0.01513671875
0.01500701904296875
0.011071920394897461
0.01266789436340332
0.009351015090942383
0.018246173858642578
0.009731292724609375
0.014168977737426758
0.01214599609375
0.012683868408203125
0.009285211563110352
0.015268802642822266
0.00953221321105957
0.016415119171142578
0.010168075561523438
0.01725602149963379
0.011911869049072266
0.012740135192871094
0.012786865234375
0.017109155654907227
0.016309022903442383
0.00944209098815918
0.014177083969116211
0.011443376541137695
0.011545181274414062
0.01708388328552246
0.018675804138183594
0.01009511947631836
0.015794038772583008
0.010789871215820312
0.01951313018798828
0.01664113998413086
0.012536048889160156
0.010887861251831055
0.013515710830688477
0.01523590087890625
0.01939105987548828
0.018396854400634766
0.013772249221801758
0.009834051132202148
0.016930103302001953
0.009187936782836914
0.01883101463317871
0.01616191864013672
0.009929895401000977
0.009379148483276367
0.013428926467895508
0.013659238815307617
0.011915922164916992
0.01920294761657715
0.01134490966796875
0.00953984260559082
0.010448932647705078
0.009646177291870117
0.01641082763671875
0.009559869766235352
0.009196996688842773
0.012662887573242188
0.01614093780517578
0.009708166122436523
0.009142160415649414
0.01698589324951172
0.01150369644165039
0.02082085609436035
0.010143041610717773
0.009691953659057617
0.01974201202392578
0.018790245056152344
0.011605024337768555
0.015522003173828125
0.016531944274902344
0.01740717887878418
0.014032840728759766
0.010272979736328125
0.013397932052612305
0.017910003662109375
0.01959085464477539
0.009717941284179688
0.012606143951416016
0.010689973831176758
0.018461942672729492
0.011432170867919922
0.013249874114990234
0.016443252563476562
0.020177364349365234
0.009068727493286133
0.01579427719116211
0.01011800765991211
0.009146928787231445
0.014988899230957031
0.01196599006652832
0.014187812805175781
0.010028839111328125
0.011708259582519531
0.016476154327392578
0.018275737762451172
0.016473054885864258
0.018452882766723633
0.009699821472167969
0.010335922241210938
0.009148836135864258
0.010203123092651367
0.01070261001586914
0.01366281509399414
0.016260862350463867
0.01407003402709961
0.009544849395751953
0.009482860565185547
0.009176969528198242
0.009039878845214844
0.0094451904296875
0.010667085647583008
0.012845039367675781
0.018352985382080078
0.017271041870117188
0.011639118194580078
0.014586925506591797
0.009814977645874023
0.011699914932250977
0.009526968002319336
0.015519380569458008
0.013542890548706055
0.015257120132446289
0.012408733367919922
0.01909804344177246
0.009757280349731445
0.009732246398925781
0.010491132736206055
0.019513845443725586
0.017499923706054688
Number of wins for backtrack search: 886
Number of losses for backtrack search: 114