0.01381993293762207
0.011189937591552734
0.011083841323852539
0.010029077529907227
0.01658177375793457
0.009354829788208008
0.012121915817260742
0.009836196899414062
0.009002923965454102
0.008929014205932617
0.009115219116210938
0.00911712646484375
0.011158943176269531
0.012377023696899414
0.010152816772460938
0.010052680969238281
0.009292125701904297
0.012247085571289062
0.01077890396118164
0.014327049255371094
0.010025978088378906
0.009447097778320312
0.009453773498535156
0.01018214225769043
0.009624004364013672
0.009652853012084961
0.009440898895263672
0.011747121810913086
0.011883735656738281
0.011896848678588867
0.009553909301757812
0.011179685592651367
0.009193897247314453
0.009573698043823242
0.009428262710571289
0.016954898834228516
0.013265132904052734
0.012664079666137695
0.00917673110961914
0.009126901626586914
0.011965036392211914
0.00959014892578125
0.014544963836669922
0.009816646575927734
0.010784149169921875
0.009173870086669922
0.012543916702270508
0.00916290283203125
0.010641098022460938
0.009308099746704102
0.015370845794677734
0.01526498794555664
0.010648250579833984
0.009428977966308594
0.009910821914672852
0.009374141693115234
0.019433259963989258
0.011038064956665039
0.009105920791625977
0.012194156646728516
0.009206056594848633
0.011730194091796875
0.009824991226196289
0.010195016860961914
0.009997129440307617
0.012117862701416016
0.00969696044921875
0.014194965362548828
0.009153127670288086
0.013278007507324219
0.009478092193603516
0.010045051574707031
0.009370088577270508
0.013479232788085938
0.01071310043334961
0.009515047073364258
0.0104522705078125
0.009532928466796875
0.009488821029663086
0.00928497314453125
0.010337114334106445
0.009038925170898438
0.010361909866333008
0.011847972869873047
0.009111881256103516
0.009916305541992188
0.019650697708129883
0.009819984436035156
0.01482534408569336
0.011133193969726562
0.010648727416992188
0.009246110916137695
0.009065866470336914
0.011533021926879883
0.00951695442199707
0.009688854217529297
0.010160207748413086
0.009216070175170898
0.009050130844116211
0.008996009826660156
0.01306295394897461
0.010959863662719727
0.014727115631103516
0.009386062622070312
0.009735107421875
0.010006904602050781
0.009653091430664062
0.011806011199951172
0.009225845336914062
0.010637998580932617
0.009370803833007812
0.010267257690429688
0.009166955947875977
0.017106056213378906
0.009389162063598633
0.011794090270996094
0.010435819625854492
0.0092620849609375
0.011076927185058594
0.010865211486816406
0.009171009063720703
0.009697914123535156
0.009302854537963867
0.00915670394897461
0.008852958679199219
0.009308099746704102
0.009106874465942383
0.009276151657104492
0.009421110153198242
0.008964061737060547
0.009630203247070312
0.009167194366455078
0.008820056915283203
0.00890207290649414
0.009130001068115234
0.009304046630859375
0.012549877166748047
0.009568929672241211
0.009896993637084961
0.010824918746948242
0.00928807258605957
0.008949041366577148
0.013753175735473633
0.010067939758300781
0.009257078170776367
0.00959014892578125
0.013506174087524414
0.01508784294128418
0.011739969253540039
0.009797811508178711
0.013364791870117188
0.01076507568359375
0.009802103042602539
0.010885953903198242
0.012030839920043945
0.009277820587158203
0.01047205924987793
0.00911092758178711
0.011945962905883789
0.009022951126098633
0.01205301284790039
0.010874032974243164
0.010993242263793945
0.014414072036743164
0.010086297988891602
0.018214941024780273
0.00941324234008789
0.00890493392944336
0.008969783782958984
0.009286880493164062
0.00921320915222168
0.0094451904296875
0.009327888488769531
0.009972810745239258
0.00966191291809082
0.009420633316040039
0.013936042785644531
0.014359712600708008
0.009731769561767578
0.009473085403442383
0.008733272552490234
0.009692907333374023
0.00958704948425293
0.01161503791809082
0.010921001434326172
0.009137868881225586
0.011001825332641602
0.009129047393798828
0.009138107299804688
0.008778095245361328
0.010721683502197266
0.014960050582885742
0.014221906661987305
0.010090112686157227
0.012389898300170898
0.009096860885620117
0.009204864501953125
0.009598970413208008
0.009614944458007812
0.009055852890014648
0.013152122497558594
0.010579824447631836
0.009486913681030273
0.010452032089233398
0.010025978088378906
0.011240005493164062
0.009341955184936523
0.012513160705566406
0.009691715240478516
0.009084939956665039
0.009047985076904297
0.008980989456176758
0.009647130966186523
0.014029979705810547
0.010146856307983398
0.009534120559692383
0.009137153625488281
0.009369134902954102
0.009987115859985352
0.009328126907348633
0.009195089340209961
0.0088958740234375
0.009521007537841797
0.00947713851928711
0.010876893997192383
0.010899066925048828
0.009029150009155273
0.010718822479248047
0.015011787414550781
0.008983135223388672
0.012907981872558594
0.014918327331542969
0.016221046447753906
0.010713815689086914
0.009436845779418945
0.009100914001464844
0.010738134384155273
0.009768009185791016
0.008944034576416016
0.009672164916992188
0.00929880142211914
0.010411977767944336
0.01226806640625
0.009331941604614258
0.009707927703857422
0.009418964385986328
0.009397029876708984
0.009613752365112305
0.009066104888916016
0.010660171508789062
0.016231775283813477
0.01191401481628418
0.009627103805541992
0.015378952026367188
0.00901031494140625
0.008996248245239258
0.012708187103271484
0.009044408798217773
0.009804010391235352
0.014585018157958984
0.009383201599121094
0.010470151901245117
0.013915777206420898
0.010992050170898438
0.010960817337036133
0.009155988693237305
0.014577150344848633
0.00922393798828125
0.01016092300415039
0.011183977127075195
0.009150981903076172
0.009126901626586914
0.012484073638916016
0.009592771530151367
0.009485960006713867
0.009681940078735352
0.013433218002319336
0.01534581184387207
0.013268232345581055
0.011864900588989258
0.01976799964904785
0.012888193130493164
0.009462118148803711
0.00913095474243164
0.010624170303344727
0.009144783020019531
0.01836109161376953
0.009436845779418945
0.016045093536376953
0.010422229766845703
0.015670061111450195
0.009380817413330078
0.00900411605834961
0.009248018264770508
0.009307146072387695
0.010711193084716797
0.010458946228027344
0.009328126907348633
0.009150028228759766
0.010617971420288086
0.013101816177368164
0.011168718338012695
0.013473987579345703
0.015462875366210938
0.009078025817871094
0.0142059326171875
0.010779857635498047
0.009724140167236328
0.009619951248168945
0.01013803482055664
0.010343313217163086
0.01232600212097168
0.009170055389404297
0.009012222290039062
0.00980997085571289
0.009238004684448242
0.009422063827514648
0.009374141693115234
0.011228322982788086
0.009425878524780273
0.00966787338256836
0.014294862747192383
0.011627912521362305
0.016425132751464844
0.009128093719482422
0.013624191284179688
0.014004945755004883
0.009347200393676758
0.009515762329101562
0.009083032608032227
0.015233039855957031
0.009339094161987305
0.009462833404541016
0.010369062423706055
0.008680105209350586
0.009608268737792969
0.009241104125976562
0.009313821792602539
0.009102106094360352
0.009346246719360352
0.009192943572998047
0.012455940246582031
0.009188175201416016
0.009237051010131836
0.010865211486816406
0.012084007263183594
0.009156942367553711
0.014024972915649414
0.008784055709838867
0.011054039001464844
0.013005256652832031
0.010640144348144531
0.010679006576538086
0.009750127792358398
0.009064912796020508
0.00886392593383789
0.009182929992675781
0.013039112091064453
0.016276121139526367
0.009779930114746094
0.009683370590209961
0.012058019638061523
0.009073257446289062
0.010509967803955078
0.009589910507202148
0.011018991470336914
0.009940862655639648
0.012536764144897461
0.00932621955871582
0.015210866928100586
0.0096282958984375
0.00945901870727539
0.01088094711303711
0.009285926818847656
0.01054692268371582
0.009522199630737305
0.009725332260131836
0.009113073348999023
0.009336233139038086
0.009489059448242188
0.009996891021728516
0.00943303108215332
0.009438037872314453
0.010720968246459961
0.009580135345458984
0.01013803482055664
0.009425163269042969
0.01268911361694336
0.009856939315795898
0.01277613639831543
0.009213924407958984
0.009735822677612305
0.010037899017333984
0.011438846588134766
0.01474308967590332
0.009297847747802734
0.012451171875
0.01651787757873535
0.010139226913452148
0.009489059448242188
0.015687942504882812
0.011519908905029297
0.010271072387695312
0.012237787246704102
0.011224985122680664
0.009222745895385742
0.009290695190429688
0.012794733047485352
0.009562015533447266
0.00956106185913086
0.01202392578125
0.009228944778442383
0.009048223495483398
0.009858846664428711
0.009779214859008789
0.012664079666137695
0.010457038879394531
0.00932002067565918
0.01482701301574707
0.009368896484375
0.009578943252563477
0.012466192245483398
0.010499715805053711
0.012382984161376953
0.012880086898803711
0.010843992233276367
0.010616064071655273
0.01552891731262207
0.0095062255859375
0.00908803939819336
0.016530752182006836
0.013164997100830078
0.009621143341064453
0.00952911376953125
0.010292291641235352
0.009247779846191406
0.011842012405395508
0.013103961944580078
0.01557302474975586
0.010765790939331055
0.009199142456054688
0.01074528694152832
0.009317159652709961
0.009273052215576172
0.009369134902954102
0.012341022491455078
0.010821104049682617
0.009885072708129883
0.009113788604736328
0.011754989624023438
0.013974189758300781
0.010522127151489258
0.010155916213989258
0.016082048416137695
0.01071786880493164
0.012405872344970703
0.015543222427368164
0.013823986053466797
0.013837099075317383
0.00972604751586914
0.009613037109375
0.00926828384399414
0.013115882873535156
0.015957117080688477
0.013078927993774414
0.009608983993530273
0.01050424575805664
0.009530067443847656
0.010156869888305664
0.015874862670898438
0.010961055755615234
0.012532949447631836
0.009839057922363281
0.016896963119506836
0.011277914047241211
0.009293079376220703
0.009315013885498047
0.011057853698730469
0.0091400146484375
0.009280920028686523
0.009946346282958984
0.010610818862915039
0.016082048416137695
0.015176057815551758
0.009366035461425781
0.009720802307128906
0.015613079071044922
0.010968208312988281
0.009455204010009766
0.009270906448364258
0.009790897369384766
0.00992894172668457
0.009360074996948242
0.011403799057006836
0.010980844497680664
0.009674072265625
0.010178089141845703
0.013269186019897461
0.00923776626586914
0.014513969421386719
0.014456033706665039
0.010573863983154297
0.011246204376220703
0.010503292083740234
0.011799812316894531
0.010631084442138672
0.011735200881958008
0.009305238723754883
0.009424686431884766
0.0125579833984375
0.010708093643188477
0.0096282958984375
0.01129603385925293
0.010715961456298828
0.01452493667602539
0.01006317138671875
0.012608766555786133
0.009960174560546875
0.009599924087524414
0.009306192398071289
0.00968623161315918
0.009516716003417969
0.009119987487792969
0.010458946228027344
0.011156797409057617
0.010319232940673828
0.009370803833007812
0.009435892105102539
0.010865926742553711
0.01166081428527832
0.01077413558959961
0.011837005615234375
0.009770870208740234
0.020016193389892578
0.009847879409790039
0.014323949813842773
0.009207010269165039
0.015501022338867188
0.009917020797729492
0.009313106536865234
0.012887954711914062
0.01496124267578125
0.010936737060546875
0.009242773056030273
0.014330148696899414
0.009602069854736328
0.010287046432495117
0.009823083877563477
0.010329008102416992
0.009310007095336914
0.013166189193725586
0.011070966720581055
0.013550996780395508
0.009845972061157227
0.010162830352783203
0.010539054870605469
0.009911060333251953
0.015248298645019531
0.011343240737915039
0.009036064147949219
0.009718894958496094
0.009248018264770508
0.011890888214111328
0.011276960372924805
0.009437084197998047
0.009549856185913086
0.01223301887512207
0.009348154067993164
0.011427164077758789
0.011429071426391602
0.01270294189453125
0.009775161743164062
0.012719154357910156
0.01383209228515625
0.009011983871459961
0.009262800216674805
0.009620189666748047
0.009037017822265625
0.010164976119995117
0.009259939193725586
0.012489080429077148
0.012094259262084961
0.01338505744934082
0.009240150451660156
0.009677886962890625
0.009766817092895508
0.009262800216674805
0.009377002716064453
0.010876178741455078
0.011280059814453125
0.009295940399169922
0.011899948120117188
0.009414196014404297
0.010160207748413086
0.010495185852050781
0.009652853012084961
0.011192798614501953
0.01342010498046875
0.008997917175292969
0.009605169296264648
0.012890100479125977
0.010181665420532227
0.009423017501831055
0.013632059097290039
0.009279966354370117
0.009238004684448242
0.015642166137695312
0.013254880905151367
0.01695728302001953
0.008917570114135742
0.0108489990234375
0.009768009185791016
0.009573221206665039
0.010741949081420898
0.01489400863647461
0.01221919059753418
0.01165318489074707
0.010707855224609375
0.010115861892700195
0.008986949920654297
0.012008905410766602
0.010498046875
0.009095191955566406
0.010461091995239258
0.010151863098144531
0.01124119758605957
0.010697126388549805
0.009857892990112305
0.011761903762817383
0.009573936462402344
0.01868605613708496
0.00969076156616211
0.009377717971801758
0.014419078826904297
0.01645517349243164
0.009094953536987305
0.009862184524536133
0.009912729263305664
0.01036691665649414
0.009069204330444336
0.01635599136352539
0.010371923446655273
0.011707067489624023
0.009103775024414062
0.010655879974365234
0.012688159942626953
0.009575128555297852
0.010128021240234375
0.009762048721313477
0.009670257568359375
0.012781143188476562
0.012781858444213867
0.010811328887939453
0.009135723114013672
0.009181022644042969
0.009398937225341797
0.009533166885375977
0.010869979858398438
0.01279902458190918
0.009533882141113281
0.009369134902954102
0.009297847747802734
0.009263038635253906
0.01246500015258789
0.009776115417480469
0.009031057357788086
0.01341104507446289
0.01679205894470215
0.010293006896972656
0.009921073913574219
0.016777992248535156
0.010237932205200195
0.011082887649536133
0.009330987930297852
0.011234045028686523
0.00954890251159668
0.009044885635375977
0.009149789810180664
0.009099960327148438
0.009024858474731445
0.009397029876708984
0.010339021682739258
0.011040687561035156
0.009628057479858398
0.009355783462524414
0.009289026260375977
0.009019136428833008
0.00979304313659668
0.011729001998901367
0.00968790054321289
0.011385917663574219
0.011141061782836914
0.009351968765258789
0.011017322540283203
0.009398937225341797
0.009915828704833984
0.00914311408996582
0.015111923217773438
0.009730815887451172
0.01070404052734375
0.013002872467041016
0.011209249496459961
0.014728307723999023
0.00939798355102539
0.012858867645263672
0.009746789932250977
0.00997614860534668
0.009458065032958984
0.009432077407836914
0.009514570236206055
0.00921487808227539
0.009598016738891602
0.01090097427368164
0.011294126510620117
0.009578943252563477
0.013128995895385742
0.01137685775756836
0.00954890251159668
0.01297903060913086
0.009254217147827148
0.010520219802856445
0.009844064712524414
0.015888214111328125
0.01482391357421875
0.01703929901123047
0.009432792663574219
0.0172879695892334
0.011876106262207031
0.009156942367553711
0.009929895401000977
0.01403498649597168
0.013549089431762695
0.009238958358764648
0.013810157775878906
0.014234066009521484
0.014972925186157227
0.009883880615234375
0.011436939239501953
0.012217044830322266
0.009231805801391602
0.009659290313720703
0.011471986770629883
0.01690196990966797
0.010159015655517578
0.009509801864624023
0.015658855438232422
0.010528802871704102
0.015964984893798828
0.012527704238891602
0.011299848556518555
0.016597986221313477
0.018646955490112305
0.009810924530029297
0.010989904403686523
0.009136199951171875
0.008699893951416016
0.011920928955078125
0.009134054183959961
0.01564788818359375
0.00951695442199707
0.009311914443969727
0.013176202774047852
0.019516944885253906
0.01460886001586914
0.022095918655395508
0.018975019454956055
0.02046990394592285
0.019783735275268555
0.02200174331665039
0.0145721435546875
0.013623237609863281
0.01586604118347168
0.024773836135864258
0.013457059860229492
0.012186765670776367
0.014950752258300781
0.011276721954345703
0.012573957443237305
0.01747918128967285
0.01188206672668457
0.010070085525512695
0.015419960021972656
0.010390043258666992
0.01644420623779297
0.014203786849975586
0.011024951934814453
0.012014150619506836
0.013641834259033203
0.011819839477539062
0.01407003402709961
0.012063980102539062
0.00993800163269043
0.013136148452758789
0.00935506820678711
0.009594202041625977
0.009061098098754883
0.010413646697998047
0.009775161743164062
0.011354207992553711
0.014532089233398438
0.011953115463256836
0.011085033416748047
0.009799003601074219
0.00934910774230957
0.012877225875854492
0.01033782958984375
0.011040925979614258
0.009553909301757812
0.010233640670776367
0.011793136596679688
0.018548965454101562
0.015417098999023438
0.012809038162231445
0.013033866882324219
0.015367984771728516
0.025204181671142578
0.016896963119506836
0.014554738998413086
0.011661052703857422
0.011008977890014648
0.010840654373168945
0.009825944900512695
0.015677928924560547
0.01154780387878418
0.009739160537719727
0.012604951858520508
0.009509086608886719
0.008980035781860352
0.012483835220336914
0.009643077850341797
0.010840177536010742
0.0177459716796875
0.009883880615234375
0.010043144226074219
0.014304876327514648
0.010603189468383789
0.009446144104003906
0.009897947311401367
0.009932756423950195
0.01089620590209961
0.009602069854736328
0.01046133041381836
0.010225057601928711
0.009676933288574219
0.009418010711669922
0.013001203536987305
0.009392976760864258
0.010230064392089844
0.009896039962768555
0.009205818176269531
0.01409602165222168
0.013371944427490234
0.015066146850585938
0.022082805633544922
0.031932830810546875
0.013850927352905273
0.014075994491577148
0.011775016784667969
0.011545896530151367
0.00985407829284668
0.009734153747558594
0.010050058364868164
0.009962081909179688
0.010029077529907227
0.009405851364135742
0.01680612564086914
0.010058879852294922
0.01053619384765625
0.009629964828491211
0.010079145431518555
0.012204170227050781
0.011257171630859375
0.010597944259643555
0.011018037796020508
0.009482860565185547
0.01687026023864746
0.009605884552001953
0.010890960693359375
0.009699821472167969
0.009192943572998047
0.009051084518432617
0.011286020278930664
0.009385824203491211
0.01273798942565918
0.009664058685302734
0.009718894958496094
0.010890007019042969
0.010298967361450195
0.010839223861694336
0.0123748779296875
0.01253199577331543
0.009614706039428711
0.012008905410766602
0.010346174240112305
0.010349035263061523
0.01619720458984375
0.010206937789916992
0.009396076202392578
0.015943050384521484
0.009259939193725586
0.017216920852661133
0.014348745346069336
0.010921001434326172
0.009711265563964844
0.011237144470214844
0.011881828308105469
0.010573863983154297
0.009807109832763672
0.011421918869018555
0.009291887283325195
0.01310420036315918
0.009428977966308594
0.010506153106689453
0.012440919876098633
0.009251832962036133
0.009353876113891602
0.01121211051940918
0.010272979736328125
0.00948786735534668
0.01857304573059082
0.010642766952514648
0.009339094161987305
0.008880138397216797
0.009085893630981445
0.010411977767944336
0.009205102920532227
0.009241819381713867
0.011345863342285156
0.009827136993408203
0.010102033615112305
0.009212255477905273
0.010147809982299805
0.009816169738769531
0.011141061782836914
0.009528636932373047
0.009153127670288086
0.009881734848022461
0.013817071914672852
0.009332895278930664
0.01578974723815918
0.01345682144165039
0.01360011100769043
0.012226104736328125
0.009508132934570312
0.010506153106689453
0.011117219924926758
0.011317968368530273
0.009984016418457031
0.010902166366577148
0.009568929672241211
0.014104127883911133
0.01088094711303711
0.010505914688110352
0.013364076614379883
0.018545150756835938
0.00917196273803711
0.011786937713623047
0.009330987930297852
0.009548187255859375
0.01170802116394043
0.01104116439819336
0.011465072631835938
0.010122060775756836
0.009773969650268555
0.012115001678466797
0.015236139297485352
0.01530599594116211
0.014069080352783203
0.009569168090820312
0.009422063827514648
0.009440898895263672
0.009796857833862305
0.009695053100585938
0.010768890380859375
0.010763168334960938
0.010799884796142578
0.009572744369506836
0.009573936462402344
0.00928187370300293
0.009267330169677734
0.009475946426391602
0.009248971939086914
0.010174989700317383
0.015491724014282227
0.013319015502929688
0.010241031646728516
0.012725114822387695
0.009327173233032227
0.010658025741577148
0.009660959243774414
0.012517929077148438
0.010734081268310547
0.011506080627441406
0.010521173477172852
0.015200138092041016
0.010013341903686523
0.009865045547485352
0.010410070419311523
0.010120868682861328
0.017500877380371094
0.017499923706054688
Number of wins for A*  search: 886
Number of losses for A* search: 114